0 0.39644970414201186 0.7366863905325444 0.07889546351084813 0.14201183431952663
0 0.5108481262327417 0.7322485207100592 0.07100591715976332 0.1390532544378698
0 0.6232741617357003 0.7337278106508875 0.07100591715976332 0.1301775147928994
0 0.71301775147929 0.7307692307692307 0.0611439842209073 0.1242603550295858
0 0.2948717948717949 0.7292899408284024 0.07297830374753451 0.1331360946745562
0 0.21794871794871795 0.7263313609467456 0.0650887573964497 0.12130177514792899
0 0.7712031558185405 0.7278106508875739 0.05128205128205129 0.11834319526627218
0 0.17850098619329388 0.7174556213017751 0.045364891518737675 0.12130177514792899
0 0.3648915187376726 0.6937869822485206 0.04339250493096647 0.08579881656804733
0 0.44082840236686394 0.6967455621301775 0.02958579881656805 0.07988165680473372
0 0.5808678500986194 0.7011834319526628 0.045364891518737675 0.08284023668639053
0 0.2514792899408284 0.6952662721893491 0.037475345167652864 0.08875739644970414