0 0.8927165354330708 0.4156804733727811 0.21456692913385828 0.7248520710059172
0 0.6899606299212598 0.3313609467455621 0.2106299212598425 0.5502958579881657
0 0.5226377952755905 0.27514792899408286 0.1830708661417323 0.4556213017751479
0 0.39665354330708663 0.24260355029585798 0.13582677165354332 0.40236686390532544
0 0.2706692913385827 0.20414201183431951 0.11614173228346457 0.33727810650887574
0 0.20570866141732283 0.1834319526627219 0.08464566929133858 0.30177514792899407
0 0.1545275590551181 0.16715976331360946 0.07283464566929133 0.2692307692307692
0 0.10531496062992125 0.15236686390532544 0.06496062992125984 0.2455621301775148
0 0.047244094488188976 0.128698224852071 0.051181102362204724 0.22189349112426035
0 0.8730314960629921 0.128698224852071 0.08070866141732283 0.21597633136094674
0 0.7883858267716536 0.1227810650887574 0.08858267716535433 0.20414201183431951
0 0.640748031496063 0.10798816568047337 0.0610236220472441 0.1804733727810651
0 0.593503937007874 0.10355029585798817 0.05708661417322834 0.16568047337278105
0 0.45177165354330706 0.08579881656804733 0.03740157480314961 0.14201183431952663
0 0.35334645669291337 0.07840236686390532 0.049212598425196846 0.11538461538461538
0 0.32381889763779526 0.07692307692307693 0.033464566929133854 0.11242603550295857