0 0.1624015748031496 0.6622418879056047 0.20275590551181102 0.551622418879056
0 0.5216535433070866 0.6474926253687315 0.20078740157480315 0.5398230088495575
0 0.8917322834645669 0.6371681415929203 0.21653543307086615 0.5427728613569321
0 0.6456692913385826 0.4410029498525074 0.1377952755905512 0.35693215339233036
0 0.38779527559055116 0.4469026548672566 0.14173228346456693 0.34513274336283184
0 0.11122047244094488 0.45132743362831856 0.11220472440944881 0.3480825958702065
0 0.7470472440944882 0.39085545722713866 0.13188976377952755 0.30973451327433627
0 0.9596456692913385 0.4247787610619469 0.08070866141732283 0.3185840707964602
0 0.452755905511811 0.31563421828908556 0.08661417322834646 0.25958702064896755
0 0.32086614173228345 0.28171091445427726 0.09448818897637795 0.23303834808259588
0 0.18503937007874016 0.2610619469026549 0.11417322834645668 0.22123893805309736