0 0.2613412228796844 0.8150887573964497 0.02958579881656805 0.05029585798816568
0 0.28500986193293887 0.8091715976331361 0.02958579881656805 0.056213017751479286
0 0.3076923076923077 0.8106508875739645 0.02366863905325444 0.05917159763313609
0 0.32938856015779094 0.8047337278106509 0.02366863905325444 0.05325443786982249
0 0.3510848126232742 0.8062130177514792 0.01972386587771203 0.056213017751479286
0 0.37573964497041423 0.8047337278106509 0.025641025641025644 0.05917159763313609
0 0.39546351084812625 0.8017751479289941 0.021696252465483234 0.0650887573964497
0 0.4181459566074951 0.8002958579881657 0.015779092702169626 0.0621301775147929
0 0.44378698224852076 0.8032544378698224 0.01972386587771203 0.0621301775147929
0 0.4664694280078896 0.7988165680473372 0.025641025641025644 0.0650887573964497
0 0.490138067061144 0.7988165680473372 0.01775147928994083 0.0650887573964497
0 0.5147928994082841 0.7988165680473372 0.02366863905325444 0.0650887573964497
0 0.5374753451676529 0.8002958579881657 0.021696252465483234 0.0621301775147929
0 0.5591715976331362 0.8017751479289941 0.021696252465483234 0.05325443786982249
0 0.5818540433925049 0.7973372781065089 0.02366863905325444 0.056213017751479286
0 0.6045364891518737 0.7943786982248521 0.021696252465483234 0.0621301775147929
0 0.6272189349112426 0.7943786982248521 0.01972386587771203 0.0621301775147929
0 0.650887573964497 0.7943786982248521 0.015779092702169626 0.0621301775147929
0 0.6725838264299803 0.7988165680473372 0.01972386587771203 0.05917159763313609
0 0.6952662721893491 0.7988165680473372 0.021696252465483234 0.0650887573964497
0 0.7159763313609467 0.7988165680473372 0.02366863905325444 0.05917159763313609
0 0.73767258382643 0.7958579881656804 0.02366863905325444 0.05917159763313609
0 0.7603550295857988 0.8002958579881657 0.021696252465483234 0.0621301775147929
0 0.7810650887573964 0.8017751479289941 0.01972386587771203 0.05325443786982249
0 0.8037475345167653 0.8032544378698224 0.021696252465483234 0.0621301775147929