0 0.6863905325443788 0.650887573964497 0.0591715976331361 0.1242603550295858
0 0.5788954635108482 0.6538461538461539 0.05719921104536489 0.1301775147928994
0 0.47534516765286 0.6523668639053254 0.05128205128205129 0.12130177514792899
0 0.4201183431952663 0.650887573964497 0.0591715976331361 0.1242603550295858
0 0.36686390532544383 0.6538461538461539 0.05128205128205129 0.13609467455621302
0 0.31163708086785014 0.6523668639053254 0.04733727810650888 0.1272189349112426
0 0.2613412228796844 0.6479289940828402 0.0650887573964497 0.1301775147928994
0 0.20808678500986194 0.6494082840236686 0.05325443786982249 0.1272189349112426
0 0.5285996055226825 0.6553254437869822 0.05128205128205129 0.1331360946745562
0 0.6341222879684418 0.6568047337278107 0.045364891518737675 0.1301775147928994
0 0.7406311637080868 0.6464497041420119 0.045364891518737675 0.1331360946745562
0 0.7899408284023669 0.6479289940828402 0.04930966469428008 0.1301775147928994
0 0.8451676528599606 0.6538461538461539 0.0611439842209073 0.1301775147928994