0 0.6980392156862745 0.728486646884273 0.1764705882352941 0.4599406528189911
0 0.6529411764705882 0.5445103857566765 0.09411764705882353 0.3590504451038576
0 0.6078431372549019 0.42878338278931755 0.07058823529411765 0.3056379821958457
0 0.7509803921568627 0.14391691394658754 0.0392156862745098 0.1394658753709199
0 0.8715686274509804 0.14688427299703263 0.056862745098039215 0.14540059347181009
0 0.6411764705882352 0.1513353115727003 0.047058823529411764 0.13649851632047477
0 0.11764705882352941 0.11869436201780416 0.058823529411764705 0.1543026706231454
0 0.1696078431372549 0.11721068249258161 0.045098039215686274 0.13353115727002968
0 0.21764705882352942 0.11572700296735905 0.0392156862745098 0.142433234421365
0 0.27058823529411763 0.10979228486646884 0.0392156862745098 0.13649851632047477
0 0.33137254901960783 0.10979228486646884 0.03137254901960784 0.13056379821958458
0 0.38529411764705884 0.11869436201780416 0.03725490196078431 0.142433234421365
0 0.06274509803921569 0.1201780415430267 0.058823529411764705 0.14540059347181009
0 0.4176470588235294 0.13204747774480713 0.027450980392156862 0.1513353115727003
0 0.5813725490196079 0.35163204747774485 0.045098039215686274 0.27002967359050445